theta2	theta5	expectation
-3.141592653589793	-3.141592653589793	4.666609913297939e-06
-2.541592653589793	-3.141592653589793	1.549869796279755e-07
-1.941592653589793	-3.141592653589793	-6.421672467957565e-08
-1.3415926535897928	-3.141592653589793	1.9991504097345167e-07
-0.7415926535897928	-3.141592653589793	0.00010518029973380214
-0.14159265358979267	-3.141592653589793	-2.6028097667443234e-05
0.4584073464102074	-3.141592653589793	-2.7197905824688062e-08
1.058407346410208	-3.141592653589793	-0.001220142041967987
1.6584073464102076	-3.141592653589793	-1.3936899064810837e-10
2.2584073464102072	-3.141592653589793	7.136110691781773e-07
2.8584073464102078	-3.141592653589793	-5.1332895534732595e-06
-3.141592653589793	-2.541592653589793	2.2658491668570493e-07
-2.541592653589793	-2.541592653589793	1.5141699960162514e-05
-1.941592653589793	-2.541592653589793	7.573729143290608e-08
-1.3415926535897928	-2.541592653589793	-2.2739569608658476e-07
-0.7415926535897928	-2.541592653589793	-2.4262775053514145e-06
-0.14159265358979267	-2.541592653589793	1.0052402341494083e-08
0.4584073464102074	-2.541592653589793	3.987634139321529e-05
1.058407346410208	-2.541592653589793	-1.853695444923773e-07
1.6584073464102076	-2.541592653589793	-2.9559650584951376e-06
2.2584073464102072	-2.541592653589793	-0.0002788014769782956
2.8584073464102078	-2.541592653589793	0.04629220474973566
-3.141592653589793	-1.941592653589793	-1.114814362257314e-05
-2.541592653589793	-1.941592653589793	-1.6726089039254162e-07
-1.941592653589793	-1.941592653589793	-8.785027172008477e-06
-1.3415926535897928	-1.941592653589793	-2.572033768427455e-07
-0.7415926535897928	-1.941592653589793	3.836217418826549e-08
-0.14159265358979267	-1.941592653589793	-5.602434512701649e-08
0.4584073464102074	-1.941592653589793	-2.469219323897449e-07
1.058407346410208	-1.941592653589793	-0.00017142031554841344
1.6584073464102076	-1.941592653589793	1.2583383053161549e-09
2.2584073464102072	-1.941592653589793	1.0590796560263271e-07
2.8584073464102078	-1.941592653589793	4.489583524076553e-05
-3.141592653589793	-1.3415926535897928	4.802513297823827e-05
-2.541592653589793	-1.3415926535897928	-0.0001774145652409127
-1.941592653589793	-1.3415926535897928	-1.0014518577475343e-05
-1.3415926535897928	-1.3415926535897928	-3.6232501774937547e-09
-0.7415926535897928	-1.3415926535897928	8.361513764789958e-07
-0.14159265358979267	-1.3415926535897928	1.7083935736870786e-05
0.4584073464102074	-1.3415926535897928	1.7681921031520442e-11
1.058407346410208	-1.3415926535897928	-1.676020478655422e-06
1.6584073464102076	-1.3415926535897928	6.166821898412977e-08
2.2584073464102072	-1.3415926535897928	3.546435951710166e-11
2.8584073464102078	-1.3415926535897928	5.740084769689525e-05
-3.141592653589793	-0.7415926535897928	6.557746699406217e-07
-2.541592653589793	-0.7415926535897928	-1.5744822542159944e-06
-1.941592653589793	-0.7415926535897928	-2.4264860603205883e-05
-1.3415926535897928	-0.7415926535897928	-2.4002839647109617e-06
-0.7415926535897928	-0.7415926535897928	-1.8390991396561205e-06
-0.14159265358979267	-0.7415926535897928	-1.5941179524501048e-05
0.4584073464102074	-0.7415926535897928	-4.118593838077717e-05
1.058407346410208	-0.7415926535897928	-1.6739297261947022e-06
1.6584073464102076	-0.7415926535897928	3.965958785772156e-05
2.2584073464102072	-0.7415926535897928	0.0012967357835389796
2.8584073464102078	-0.7415926535897928	-2.9268639634024395e-05
-3.141592653589793	-0.14159265358979267	8.531245072792779e-06
-2.541592653589793	-0.14159265358979267	4.061223562547232e-06
-1.941592653589793	-0.14159265358979267	2.6003269363449285e-07
-1.3415926535897928	-0.14159265358979267	1.3430814341613387e-09
-0.7415926535897928	-0.14159265358979267	-0.006004856392152159
-0.14159265358979267	-0.14159265358979267	1.722413180018189e-05
0.4584073464102074	-0.14159265358979267	-8.21039093454659e-05
1.058407346410208	-0.14159265358979267	7.625310375070853e-07
1.6584073464102076	-0.14159265358979267	-1.8296575238324858e-08
2.2584073464102072	-0.14159265358979267	-1.2959767190933065e-08
2.8584073464102078	-0.14159265358979267	-1.4024780648971965e-06
-3.141592653589793	0.4584073464102074	1.0092312930135495e-07
-2.541592653589793	0.4584073464102074	-1.1443704633594119e-05
-1.941592653589793	0.4584073464102074	-9.147164947485574e-05
-1.3415926535897928	0.4584073464102074	3.881168649888336e-05
-0.7415926535897928	0.4584073464102074	-2.4655167347458753e-05
-0.14159265358979267	0.4584073464102074	0.0001782160965518723
0.4584073464102074	0.4584073464102074	-8.059364290681752e-09
1.058407346410208	0.4584073464102074	2.6016124567907655e-06
1.6584073464102076	0.4584073464102074	-8.312327080029352e-07
2.2584073464102072	0.4584073464102074	-0.0028987213123576254
2.8584073464102078	0.4584073464102074	-2.861632432424625e-06
-3.141592653589793	1.058407346410208	8.925728633379232e-06
-2.541592653589793	1.058407346410208	1.0291305793056621e-07
-1.941592653589793	1.058407346410208	8.392401096421161e-05
-1.3415926535897928	1.058407346410208	3.79024758079109e-08
-0.7415926535897928	1.058407346410208	5.830340812326999e-10
-0.14159265358979267	1.058407346410208	2.6857962475194085e-07
0.4584073464102074	1.058407346410208	4.628775659028771e-06
1.058407346410208	1.058407346410208	0.0002850811922950867
1.6584073464102076	1.058407346410208	4.797912037402048e-06
2.2584073464102072	1.058407346410208	4.522870615737782e-06
2.8584073464102078	1.058407346410208	1.1543948061664474e-06
-3.141592653589793	1.6584073464102076	-3.537031766716499e-07
-2.541592653589793	1.6584073464102076	4.9003092596113114e-06
-1.941592653589793	1.6584073464102076	1.8812489589433226e-07
-1.3415926535897928	1.6584073464102076	6.447522984986184e-08
-0.7415926535897928	1.6584073464102076	8.109925438669341e-09
-0.14159265358979267	1.6584073464102076	-8.165915373898453e-09
0.4584073464102074	1.6584073464102076	-1.115971559647521e-06
1.058407346410208	1.6584073464102076	2.654296583522448e-05
1.6584073464102076	1.6584073464102076	7.370375559054849e-07
2.2584073464102072	1.6584073464102076	-2.7106495316189805e-06
2.8584073464102078	1.6584073464102076	4.890284662425592e-06
-3.141592653589793	2.2584073464102072	-4.476875515302815e-05
-2.541592653589793	2.2584073464102072	-0.00011647038637735263
-1.941592653589793	2.2584073464102072	2.2252970049266882e-08
-1.3415926535897928	2.2584073464102072	2.560097988963397e-06
-0.7415926535897928	2.2584073464102072	2.3316284265569964e-06
-0.14159265358979267	2.2584073464102072	-7.386456536752304e-06
0.4584073464102074	2.2584073464102072	-9.882274819685607e-05
1.058407346410208	2.2584073464102072	-1.1735180134567658e-09
1.6584073464102076	2.2584073464102072	-5.04740914679619e-10
2.2584073464102072	2.2584073464102072	8.255588144603727e-07
2.8584073464102078	2.2584073464102072	-0.0024163378828015564
-3.141592653589793	2.8584073464102078	3.3813887798506527e-06
-2.541592653589793	2.8584073464102078	6.332396271007171e-05
-1.941592653589793	2.8584073464102078	-3.8089067705464547e-07
-1.3415926535897928	2.8584073464102078	5.639949413613112e-08
-0.7415926535897928	2.8584073464102078	-0.0009185610142206924
-0.14159265358979267	2.8584073464102078	1.5309396519356004e-06
0.4584073464102074	2.8584073464102078	4.44171748349325e-07
1.058407346410208	2.8584073464102078	-9.656053210740566e-06
1.6584073464102076	2.8584073464102078	-1.3788950481549794e-08
2.2584073464102072	2.8584073464102078	8.799426593343422e-08
2.8584073464102078	2.8584073464102078	6.563140329209072e-05
